chromosome	start	end	count	treatment_mean	control_mean	delta	F	pvalue	p_adj	DMR
chr1	264968	265809	5	0.7989	0.9961	-0.1972	576.114	1.506e-08	6.776e-08	True
chr1	271530	272357	5	0.8018	0.572	0.2298	72.9647	1.747e-05	3.779e-05	True
chr1	141334	142389	6	0.7102	0.9754	-0.2651	44.6944	2.837e-05	4.256e-05	True
chr1	160635	161390	6	0.7152	0.9883	-0.2731	46.5124	1.031e-06	3.093e-06	True
chr1	210683	211635	7	0.3225	0.5837	-0.2613	29.2628	7.578e-05	8.526e-05	True
chr1	216962	218020	43	0.5703	0.858	-0.2877	34.8266	5.53e-24	4.977e-23	True
chr1	222887	224018	6	0.6868	0.3977	0.2891	42.7691	2.099e-05	3.779e-05	True
chr1	228221	229181	5	0.4147	0.1352	0.2795	41.6071	4.78e-05	6.146e-05	True
chr1	245156	246022	5	0.2896	0.0793	0.2103	21.2027	0.001102	0.001102	True
